1	6171.32	13263.4	1.9116	1.25593e+10	2.04808e+08
2	78.5823	18.1659	1.93338	1.12742e+07	183851
3	0.000332789	0.143726	1.76944	59.3808	0.968335
4	0.000358655	0.0837434	1.67174	60.6753	0.989445
5	0.000815162	0.068504	1.4616	60.8064	0.991582
6	0.000814401	0.0635208	1.0801	61.1022	0.996406
7	0.000815024	0.0426863	0.896101	61.2114	0.998188
8	0.000816542	0.0311404	0.493166	61.237	0.998605
9	0.000819586	0.0302619	0.331288	61.2553	0.998902
10	0.000812788	0.0279997	0.318729	61.264	0.999045
11	0.000820218	0.0270322	0.352771	61.2653	0.999066
12	0.000818449	0.0300563	0.397421	61.2641	0.999046
13	0.000816914	0.0299806	0.416248	61.2645	0.999053
14	0.000814722	0.0325091	0.463534	61.2583	0.998952
15	0.000810042	0.033395	0.462431	61.2669	0.999092
16	0.000807034	0.0292696	0.372387	61.2664	0.999084
17	0.000808897	0.0269722	0.35323	61.2651	0.999063
18	0.000810544	0.0293847	0.439607	61.2609	0.998994
19	0.00081889	0.0267843	0.345958	61.2639	0.999043
20	0.000811191	0.0276184	0.401232	61.2619	0.99901
21	0.000808671	0.0311936	0.419078	61.2587	0.998958
22	0.000807592	0.0339557	0.474642	61.2552	0.998902
23	0.000803233	0.0284571	0.425432	61.261	0.998996
24	0.000801043	0.028733	0.376735	61.2598	0.998976
25	0.00080153	0.0266068	0.354677	61.2642	0.999048
26	0.000375314	0.0275149	0.354803	61.2657	0.999072
27	0.000370465	0.0293911	0.406154	61.2655	0.99907
28	0.000383625	0.0334994	0.528999	61.2553	0.998903
29	0.000382306	0.0306053	0.48957	61.2564	0.998921
30	0.000386926	0.0279973	0.357218	61.264	0.999044
31	0.000403015	0.0233552	0.284662	61.2624	0.999019
32	0.000371192	0.0251425	0.336971	61.2653	0.999065
33	0.00039894	0.0298548	0.388666	61.2645	0.999054
34	0.000401886	0.0305063	0.447008	61.2648	0.999058
35	0.000407476	0.0298266	0.455139	61.2646	0.999055
36	0.000422225	0.0273139	0.374806	61.2662	0.999081
37	0.000414375	0.0303084	0.380341	61.2631	0.99903
38	0.000414642	0.0341143	0.448438	61.2619	0.99901
39	0.000401474	0.0309307	0.408741	61.2629	0.999027
40	0.000378869	0.0261615	0.339767	61.2666	0.999088
41	0.000386771	0.0248441	0.326508	61.2689	0.999124
42	0.00037947	0.0266003	0.353814	61.2587	0.998959
43	0.000392631	0.0244565	0.328412	61.2644	0.999051
44	0.0003841	0.0240946	0.312364	61.2631	0.999029
45	0.000391708	0.0253007	0.310793	61.2636	0.999039
46	0.000400311	0.025455	0.322486	61.2674	0.9991
47	0.000397481	0.0247358	0.317029	61.2643	0.99905
48	0.000396781	0.027156	0.330127	61.268	0.99911
49	0.000393528	0.0303905	0.412806	61.265	0.99906
50	0.000387223	0.0290517	0.373326	61.2628	0.999025
51	0.000381137	0.0233584	0.281913	61.269	0.999126
52	0.000373041	0.0307237	0.399356	61.2664	0.999084
53	0.000382588	0.0343114	0.47468	61.2605	0.998987
54	0.000374187	0.0327212	0.40924	61.2639	0.999042
55	0.000381087	0.0283516	0.398892	61.2616	0.999005
56	0.00038342	0.0298077	0.426023	61.2622	0.999016
57	0.000382453	0.0267499	0.382464	61.2658	0.999075
58	0.000351195	0.0331365	0.518821	61.2596	0.998973
59	0.000363636	0.0313154	0.488973	61.2604	0.998987
60	0.000350489	0.0313825	0.426939	61.2662	0.999081
61	0.000357578	0.0262396	0.306315	61.2607	0.998991
62	0.000360777	0.0257036	0.286414	61.2659	0.999076
63	0.000361051	0.0226037	0.256079	61.2686	0.99912
64	0.000352559	0.0266099	0.331363	61.2634	0.999035
65	0.00036618	0.0247289	0.301316	61.2657	0.999073
66	0.000372064	0.0294379	0.360556	61.2686	0.99912
67	0.000378828	0.0274389	0.356171	61.2696	0.999136
68	0.000381868	0.025614	0.341663	61.2625	0.99902
69	0.000396935	0.0260073	0.327165	61.2675	0.999102
70	0.00040098	0.0322248	0.442975	61.2691	0.999128
71	0.000420543	0.0297642	0.408017	61.2691	0.999128
72	0.000415897	0.0267284	0.338871	61.2688	0.999122
73	0.000389448	0.0249077	0.297438	61.2674	0.9991
74	0.000394649	0.0293862	0.393239	61.2628	0.999025
75	0.000394241	0.0289741	0.415199	61.2617	0.999007
76	0.000396201	0.0285212	0.4287	61.2579	0.998945
77	0.00041166	0.0268516	0.424145	61.2544	0.998888
78	0.000401376	0.0277304	0.364902	61.265	0.999061
79	0.000415694	0.0265797	0.402597	61.2589	0.998962
80	0.000405742	0.0281692	0.417018	61.2607	0.998991
81	0.000406391	0.0269477	0.372237	61.2611	0.998998
82	0.00043284	0.0326474	0.465565	61.2546	0.998892
83	0.000417442	0.0255919	0.339659	61.2625	0.999021
84	0.000390208	0.0307242	0.430985	61.2636	0.999038
85	0.000389417	0.0289622	0.391361	61.2663	0.999083
86	0.000381788	0.0331881	0.472126	61.2554	0.998905
87	0.000381279	0.0302494	0.399758	61.2637	0.99904
88	0.00038225	0.0284932	0.435716	61.2606	0.998989
89	0.000392465	0.0309312	0.42203	61.2597	0.998975
90	0.000412776	0.0271548	0.396982	61.2623	0.999017
91	0.000414917	0.028796	0.383149	61.2656	0.999071
92	0.000393427	0.0329469	0.386617	61.2702	0.999145
93	0.000380266	0.0336303	0.483281	61.2564	0.998921
94	0.000384403	0.0310236	0.451629	61.26	0.998979
95	0.00038984	0.0322446	0.447777	61.2638	0.999041
96	0.00040445	0.0325595	0.420183	61.2616	0.999006
97	0.000403752	0.0300459	0.412573	61.2632	0.999032
98	0.000392122	0.0275568	0.404399	61.2617	0.999007
99	0.000389589	0.0300881	0.344036	61.2652	0.999064
100	0.000388598	0.0297985	0.379686	61.2654	0.999067
101	0.000398664	0.0303364	0.425724	61.2642	0.999048
102	0.000393723	0.0308362	0.47016	61.2656	0.999071
103	0.000412207	0.034204	0.485971	61.2651	0.999062
104	0.000408396	0.0300655	0.426971	61.2658	0.999074
105	0.000404171	0.0312729	0.444866	61.2668	0.99909
106	0.000421412	0.0306077	0.415127	61.2657	0.999072
107	0.000399495	0.0264978	0.368431	61.2648	0.999058
108	0.00039703	0.0259685	0.3903	61.2587	0.998959
109	0.000394174	0.031454	0.449618	61.2599	0.998978
110	0.000390536	0.030484	0.409316	61.2647	0.999057
111	0.000392368	0.0329169	0.49102	61.2639	0.999044
112	0.000379896	0.0306941	0.426297	61.2651	0.999062
113	0.000366759	0.0268675	0.371558	61.2621	0.999014
114	0.000397201	0.0282196	0.394319	61.2644	0.999051
115	0.000396351	0.0270677	0.352992	61.2647	0.999056
116	0.000397269	0.0253444	0.357446	61.2624	0.999018
117	0.000387034	0.0230169	0.29678	61.2688	0.999123
118	0.00039127	0.0238527	0.31524	61.2664	0.999083
119	0.000378805	0.0300176	0.43095	61.2602	0.998983
120	0.000365929	0.0306002	0.421137	61.2627	0.999023
121	0.000359334	0.0285504	0.378769	61.2654	0.999067
122	0.000370968	0.0283796	0.403231	61.2609	0.998994
123	0.000378876	0.028228	0.452818	61.2591	0.998964
124	0.000376725	0.0285433	0.359483	61.2661	0.999079
125	0.000391041	0.025697	0.330409	61.2668	0.99909
126	0.000387241	0.0294001	0.386858	61.2654	0.999067
127	0.000397275	0.0283345	0.42819	61.2661	0.999079
128	0.000397551	0.0265734	0.335023	61.2695	0.999134
129	0.000405517	0.0294728	0.340352	61.2684	0.999116
130	0.000389901	0.0320485	0.437819	61.266	0.999077
131	0.000407477	0.0288044	0.370035	61.2674	0.9991
132	0.000409924	0.0259159	0.311208	61.2686	0.999119
133	0.000408911	0.0249738	0.332927	61.2653	0.999065
134	0.000397222	0.0294778	0.41112	61.266	0.999078
135	0.000433008	0.0275617	0.367197	61.2629	0.999027
136	0.000407987	0.0301745	0.405595	61.2635	0.999036
137	0.000412059	0.0279484	0.395488	61.2628	0.999025
138	0.000419388	0.0284331	0.459531	61.267	0.999094
139	0.00040826	0.0281782	0.406008	61.2676	0.999104
140	0.000405874	0.031394	0.434904	61.2647	0.999056
141	0.000407347	0.0295707	0.409197	61.2669	0.999092
142	0.000397469	0.0236824	0.342906	61.2653	0.999067
143	0.00038739	0.026874	0.407258	61.2606	0.99899
144	0.000388631	0.0279019	0.413	61.2635	0.999036
145	0.000392707	0.0349262	0.441658	61.2617	0.999007
146	0.00038156	0.0289303	0.380865	61.2638	0.999042
147	0.000372931	0.0343211	0.526612	61.2635	0.999037
148	0.000378576	0.0273003	0.343311	61.2699	0.999141
149	0.000400082	0.0298764	0.395285	61.2712	0.999162
150	0.000404266	0.0262394	0.370034	61.2664	0.999084
151	0.000412873	0.0244058	0.363091	61.2632	0.999032
152	0.000413747	0.0244156	0.328362	61.2666	0.999088
153	0.00041548	0.0228557	0.324138	61.2604	0.998987
154	0.000411901	0.0297222	0.398482	61.2621	0.999014
155	0.000410759	0.0259224	0.347313	61.2687	0.999121
156	0.000411547	0.0287711	0.396488	61.2675	0.999102
157	0.000414146	0.0286637	0.381379	61.2682	0.999114
158	0.00041315	0.029355	0.396477	61.2697	0.999138
159	0.000408203	0.0288338	0.44428	61.2648	0.999058
160	0.000400916	0.03246	0.475107	61.2651	0.999063
161	0.000389996	0.026742	0.355894	61.2625	0.99902
162	0.00039151	0.0271767	0.386558	61.2627	0.999023
163	0.000392113	0.025233	0.359456	61.2633	0.999033
164	0.000404146	0.0282086	0.371389	61.2663	0.999083
165	0.000423786	0.0243914	0.347445	61.2599	0.998978
166	0.000431225	0.0291771	0.383948	61.2633	0.999034
167	0.000427284	0.0287074	0.352121	61.265	0.999062
168	0.000403462	0.0258548	0.338942	61.2709	0.999157
169	0.000382697	0.0267254	0.3593	61.2666	0.999088
170	0.000390904	0.0253365	0.297496	61.2682	0.999113
171	0.000390195	0.0239479	0.306579	61.2683	0.999115
172	0.00040834	0.0265851	0.379952	61.2603	0.998984
173	0.000408372	0.0251423	0.348104	61.26	0.998979
174	0.000411882	0.0339853	0.457515	61.2614	0.999003
175	0.000408534	0.0261238	0.379358	61.258	0.998947
176	0.000410864	0.0303728	0.428242	61.2634	0.999035
177	0.000404351	0.025905	0.354661	61.2657	0.999072
178	0.000414128	0.0274734	0.356757	61.2667	0.999089
179	0.000417641	0.028693	0.378185	61.2692	0.99913
180	0.000427146	0.0274276	0.401076	61.265	0.999062
181	0.000421875	0.0276099	0.388139	61.2625	0.99902
182	0.000416395	0.0240074	0.334505	61.2624	0.999019
183	0.000426621	0.0309793	0.417244	61.2604	0.998985
184	0.000409928	0.0299155	0.417148	61.2652	0.999064
185	0.000406628	0.0280928	0.411329	61.2574	0.998937
186	0.000408947	0.02704	0.362547	61.2656	0.999071
187	0.000408418	0.0282572	0.403696	61.2595	0.998972
188	0.000423737	0.0308397	0.466429	61.2635	0.999036
189	0.000424698	0.028207	0.437462	61.262	0.999013
190	0.000421596	0.0257377	0.354254	61.263	0.999029
191	0.000415287	0.028562	0.361484	61.2644	0.999051
192	0.000402949	0.029039	0.393589	61.2673	0.999098
193	0.000410734	0.0295153	0.39732	61.264	0.999044
194	0.000412915	0.030539	0.446899	61.2661	0.999079
195	0.000423677	0.0314603	0.470173	61.2644	0.999051
196	0.000421799	0.0303947	0.441209	61.2622	0.999016
197	0.000387739	0.0318862	0.454821	61.2653	0.999066
198	0.000408326	0.026844	0.372975	61.2691	0.999127
199	0.000442767	0.0283176	0.399552	61.2639	0.999043
200	0.000446331	0.0274245	0.379728	61.2628	0.999025
201	0.000452006	0.0290114	0.425757	61.2622	0.999015
202	0.000433773	0.0291977	0.393057	61.2647	0.999056
203	0.00043136	0.0306586	0.418753	61.2651	0.999063
204	0.000432081	0.0289082	0.366402	61.2602	0.998983
205	0.000422924	0.029703	0.359148	61.2645	0.999053
206	0.000420072	0.02873	0.343813	61.2691	0.999127
207	0.000425505	0.0340586	0.439946	61.2656	0.999071
208	0.000423999	0.0286554	0.359613	61.2684	0.999117
209	0.000441649	0.0314467	0.450175	61.2632	0.999032
210	0.000444361	0.0298094	0.43912	61.2607	0.998992
211	0.000434578	0.0291401	0.429314	61.2607	0.998992
212	0.000429834	0.0332206	0.52469	61.2618	0.999009
213	0.000430589	0.0324346	0.449627	61.2667	0.99909
214	0.000424448	0.0302382	0.442335	61.2668	0.999091
215	0.000427083	0.033121	0.45904	61.2648	0.999058
216	0.000436124	0.0257281	0.353464	61.2687	0.999122
217	0.000439725	0.026912	0.378492	61.2657	0.999073
218	0.000445102	0.0269802	0.370385	61.2678	0.999106
219	0.000445602	0.0275324	0.390743	61.2639	0.999043
220	0.000433639	0.0273898	0.380301	61.2659	0.999075
221	0.000445314	0.0328428	0.445153	61.2657	0.999073
222	0.000433832	0.0316704	0.429917	61.2559	0.998913
223	0.000429034	0.0263331	0.343838	61.2636	0.999038
224	0.000423496	0.0281952	0.407557	61.2616	0.999006
225	0.000406054	0.0285895	0.441217	61.2635	0.999037
226	0.000420424	0.0266058	0.41325	61.2581	0.998948
227	0.000424409	0.0223231	0.323039	61.2572	0.998934
228	0.000407984	0.0298142	0.399444	61.2635	0.999036
229	0.000411075	0.0231447	0.299216	61.2683	0.999114
230	0.000418705	0.0294454	0.409763	61.2651	0.999062
231	0.000422452	0.0309264	0.485849	61.2639	0.999043
232	0.000400842	0.0318057	0.464897	61.2611	0.998998
233	0.000396886	0.0282738	0.425165	61.2635	0.999037
234	0.000403512	0.0303097	0.424398	61.2659	0.999076
235	0.000415208	0.0302397	0.413192	61.2686	0.99912
236	0.000416632	0.0309025	0.43198	61.2668	0.999091
237	0.000415526	0.0285872	0.391065	61.2678	0.999106
238	0.000406257	0.0270136	0.389873	61.2674	0.9991
239	0.000419289	0.0249253	0.310716	61.2686	0.99912
240	0.000397555	0.0296008	0.414736	61.2649	0.99906
241	0.000421468	0.0267315	0.385573	61.2588	0.99896
242	0.000416911	0.0273589	0.404118	61.2607	0.99899
243	0.000396701	0.0233197	0.311479	61.2682	0.999114
244	0.000391513	0.025956	0.332839	61.27	0.999143
245	0.000392229	0.0279812	0.36263	61.2677	0.999105
246	0.00039152	0.0233212	0.29517	61.2707	0.999155
247	0.000413354	0.025698	0.365701	61.2596	0.998972
248	0.00041166	0.0266174	0.370543	61.265	0.999061
249	0.000414219	0.0268419	0.380453	61.2658	0.999074
250	0.000429878	0.0304261	0.417216	61.2637	0.999041
